5 15
3
1
4
1
5
9
2
6
5
3
5
8
7
9
3
10 30
28
20
24
14
29
10
23
6
2
25
28
22
25
15
9
18
22
6
17
28
25
12
23
29
12
18
3
3
22
7
1813 508
2043
1014
5898
512
575
2842
9821
9283
7317
3366
6311
65
578
846
2077
6032
3519
5727
4482
1399
2897
4126
3075
5478
9083
8392
847
3857
2526
6681
4242
8374
8117
1234
5464
7378
8949
2421
5373
4624
2156
6370
2080
5083
7546
7640
9166
2993
3972
4740
7488
1848
7699
8771
5239
7916
7939
420
1429
2183
1995
5964
6756
635
9123
7937
1948
9343
5382
4698
7082
1097
353
9858
9242
6526
2045
7991
7932
1443
9225
7854
9884
7786
9192
2393
674
9345
5994
7547
9438
8529
992
3189
2629
6191
9614
1444
5959
9609
5692
9822
7610
9274
7657
6391
1495
7841
9528
8712
5870
9947
2488
9985
2958
4140
6080
8969
1442
6729
7262
2602
3348
7834
5259
8553
104
7163
7228
3051
6912
600
2032
8323
5751
9402
243
610
129
2801
898
2833
9817
7282
1677
9491
6040
1006
231
8488
111
645
2
9230
2346
3089
6473
9776
4014
9103
6286
4331
612
6476
1799
5269
7915
4165
4234
3555
3897
5470
8840
8641
5830
4428
2784
6066
6156
5768
2512
9098
6931
8740
2940
6267
598
2801
5976
2661
2929
466
6595
1025
6515
6567
2221
3340
5482
6407
1575
1875
6772
6676
4591
4640
1804
1360
3399
7918
305
407
3619
8245
6590
7188
7399
1871
3536
5532
4670
5113
8188
1573
626
3430
8874
7814
2125
9263
2207
9443
583
9749
4192
636
2325
255
4149
8299
4462
9237
9402
8057
2355
2521
6847
8349
4434
9327
9167
349
9804
9949
1736
6461
3687
5198
6050
1161
5765
3989
9235
4135
5711
862
9824
3870
4052
5953
4862
7144
7722
5237
1070
5433
5711
130
9217
8104
6583
524
3380
2798
96
1857
9639
633
8012
7730
6949
7127
4205
2988
2534
472
2
5266
2346
1493
2697
2976
4297
8480
4464
2023
2627
4566
8879
6303
750
3556
5980
7945
4577
5240
609
6436
4039
3853
1222
9190
5857
6321
9004
7735
2938
4734
2703
598
5430
444
7784
7724
5407
3606
6227
4899
8333
8072
9230
5072
1754
1709
6980
3393
1146
6260
8410
7293
9863
3566
1226
8492
271
3506
7119
7975
9476
6729
9084
7892
1863
8281
872
305
5771
8256
2537
971
9012
5709
8102
5967
4623
6149
7436
4147
9341
5610
6589
6678
6324
5409
734
1864
9217
9291
7453
1901
6487
8252
5422
1604
8987
1337
3209
3473
836
6674
7621
2889
3722
7439
8280
4153
5463
5259
3869
4121
6069
2971
8633
3866
140
2406
1568
6453
7546
9008
1088
6480
803
635
4483
760
286
6498
6979
3285
2940
3963
3311
2667
7988
3699
2955
8885
7129
6581
6400
3958
5422
3331
5832
3516
9619
1556
1463
6581
9769
6755
5926
1828
5586
1141
2086
3087
2955
7520
3866
8965
8280
583
1180
2106
9660
5965
5877
6441
9450
2683
9324
964
2608
7129
1057
7471
4803
967
1140
8730
5034
398
3516
6185
8036
1483
7081
6846
1613
9868
5929
9609
2714
7434
5678
4838
2151
3726
3856
3653
5678
5022
7130
7086
7431
4962
1845 9610
83
4614
8283
1987
6379
5136
3931
7882
7067
4995
4069
8176
8884
9031
4827
9582
6753
9714
8250
5173
1451
6219
5319
1077
7111
7487
3051
11
3267
6430
8753
3074
2263
8624
6762
6998
1584
3942
3230
7578
3503
7796
7771
7156
9656
5679
4768
6647
195
7548
332
7716
6711
4046
7004
3864
9294
7206
4876
8891
2085
3920
4614
637
6241
995
5913
259
2268
7828
7997
2811
6483
672
1669
3655
8447
8163
1420
1431
2718
6403
9816
5719
6097
1037
6362
8216
1620
2898
7704
4378
9065
4339
5492
9583
3181
7134
915
8661
9765
4508
4379
2366
9550
7521
1232
6039
2376
3348
5416
1130
5785
3444
6172
5681
4103
8895
4539
5203
4632
7697
8639
9369
124
3618
3745
2144
5179
2086
474
1313
7248
2759
1666
8210
2023
7449
6168
8575
9804
322
5839
8271
7481
6573
8593
5620
8166
9810
5479
4286
2594
5711
4028
2068
5869
5009
2241
5931
3775
9087
860
290
2874
4103
3882
3025
1778
7962
3658
6653
2726
5963
5399
4309
1857
368
1888
3551
5025
8125
3978
5368
6607
6187
8718
1537
8730
9598
2340
7013
5207
236
4800
716
9462
5549
5396
3378
2690
5567
3842
204
6152
8825
1560
6630
311
9718
210
5500
3121
8690
906
5650
5109
5492
3682
6687
5384
2345
4294
2180
5621
6644
1445
2489
1163
4683
4847
6308
4971
8510
860
9457
4283
3774
9215
7781
4627
2088
1225
9012
9387
6840
3891
6517
9330
9149
5606
3970
1866
8709
7993
345
1272
1661
4582
9507
7379
9070
5466
5628
4871
3902
529
4611
7830
1448
1367
1335
6276
5901
2059
3296
1119
5282
2792
8781
2752
4928
3158
2014
9076
877
4441
6262
516
515
8184
2621
9191
9708
401
5556
6621
5597
4140
5485
6310
9280
8686
7881
7782
4271
7693
5965
6649
4697
9225
5990
8869
5801
6754
2450
5912
3452
6551
3993
9460
4266
4094
7315
3264
8746
2143
6568
5499
6503
6674
5522
1141
7306
2470
3472
6241
5276
4231
4804
3184
8476
9612
5819
1289
2194
3751
3390
2953
7950
9644
3168
9045
147
6025
2043
5186
1371
4617
9036
2127
1125
465
146
8022
3703
4848
1562
3330
3282
6208
635
9220
1747
809
984
4654
8275
6026
1069
4994
8753
3615
7548
6858
3506
6476
994
1281
426
8285
4870
658
5195
2677
2058
8010
9466
7796
7585
7345
2189
59
9670
1741
9009
3947
7298
9337
5041
7389
6910
5345
3548
4041
3374
7510
2916
3287
4516
7227
3854
281
2904
4996
1338
9976
4025
9070
8750
2973
5188
478
8440
3723
2804
8694
3944
5806
7849
9558
9178
1656
6240
3037
1374
9524
7110
1153
9302
4548
5094
6178
3279
358
3491
1907
7155
4673
403
9032
9922
8228
587
2067
2201
6432
6905
9824
1237
4680
3565
7109
5437
4958
8049
2197
4041
9867
3622
1814
2865
2871
9767
4202
7879
9009
7198
8082
231
897
1538
9271
5403
8817
9635
949
1069
4172
835
4942
2619
7285
9916
4622
983
7984
740
8321
2309
1294
7866
7288
1051
8589
6166
7051
8461
6385
4188
3191
9233
8822
9592
339
3141
4294
1706
6620
5323
7099
1128
9868
9031
8679
9194
5580
2954
5144
3219
9894
8269
8877
5772
8937
3030
4250
8219
6814
2650
2583
2488
4684
9983
7644
5709
3796
7693
9576
1481
6688
6278
4120
2998
5210
165
7998
8256
2372
9394
586
4097
3316
3165
4294
4922
355
3049
655
7309
8890
6074
4891
3969
2739
4610
6443
9885
1386
2969
5397
7886
3377
3663
6530
3616
4148
5879
562
8771
5031
5993
5847
7419
2064
8486
9172
1518
5689
2722
5354
747
7037
2267
2590
613
1386
150
258
599
3721
8112
6870
9402
3997
2699
719
9652
6635
677
773
4475
2486
1883
2277
2897
227
7471
1905
4253
5437
4925
4195
8664
7615
4650
848
1110
1072
5917
2229
3997
5621
9963
5049
6919
9123
6444
3422
9364
7766
9519
4883
5011
1948
878
8260
5154
9989
9693
385
3914
8245
6004
5161
8796
3917
8205
1786
9346
1850
9609
8580
718
8447
6775
8854
2523
6833
5358
3773
3782
4049
2540
6487
5918
42
9183
6715
6737
6390
5694
1121
1379
5531
8314
5752
9616
4801
6253
3001
917
4657
4075
7513
8157
939
4165
6564
5173
2024
5736
8320
4630
5919
6602
9865
5704
9517
9243
8754
4733
1490
5049
2956
6156
8488
7200
5186
132
1022
9237
7722
580
2356
2856
9124
9973
5027
8329
4978
5877
2619
1542
4713
653
7373
6490
5459
8928
8449
48
98
5557
7499
8268
9427
9608
1118
1357
9669
3738
8978
6431
4150
2786
8014
7740
2273
3063
7478
9891
677
1187
4264
2877
2113
9947
336
2303
8782
1997
1741
6258
1683
974
9138
2164
3081
4088
3429
9516
8855
3669
8660
1240
6899
6188
7392
1926
2639
9633
4217
2395
1450
8557
9371
8910
1293
4622
6155
9479
9272
8815
2575
7671
1997
2719
4748
3175
3647
5849
4658
8185
9634
7961
1036
7007
2527
3024
5978
5925
2555
8409
9664
9148
7779
9345
4808
3125
1603
228
871
8459
7933
3949
244
40
1093
988
9242
4179
1440
4216
8279
6789
4974
6031
2761
3488
7521
2363
6383
8268
8643
229
6923
862
9150
3426
9891
2651
7911
1622
1572
3419
4977
6199
252
5684
7717
996
5914
1538
3781
1798
4485
8339
129
2874
4174
1748
6584
1319
5604
9240
3844
2603
9815
7703
7026
9381
889
7667
1097
6591
6268
9817
2644
4860
1812
8775
5779
7076
5771
6525
6448
4845
4486
6845
5744
8584
733
6276
9252
8143
6067
6591
6017
2331
9575
2374
6384
2549
8658
8335
106
8246
441
7190
5530
4667
5695
5269
1062
5399
5968
9507
5547
9079
2791
8998
8116
2969
1958
8441
8648
4612
8415
2953
524
9676
3799
312
5285
9437
2390
3230
8418
7436
6418
8202
4404
7296
1315
1077
2889
5463
5214
3852
2175
6559
1043
6938
9540
576
4258
3414
590
216
9686
5493
9830
7487
6666
5853
867
5382
9984
1624
3008
2738
1089
8111
2660
4588
4593
819
1654
880
5552
3184
9398
4562
778
3964
8633
6861
772
4708
5179
8976
2639
8201
7749
924
8371
6917
630
5461
210
7506
5479
3589
844
9436
5470
2932
4277
4951
5982
3438
1759
9709
4664
6502
6095
5267
6709
2701
7220
4005
4610
5275
6445
4031
98
2887
362
1736
6217
7676
189
6193
670
8045
7705
5808
3718
1341
8494
5700
2583
5821
8725
1740
7217
2929
3537
1247
4829
3103
207
7929
8241
6204
2896
204
7143
6812
9338
2582
2569
2541
8734
8306
3249
5566
9039
6618
8796
286
1549
5367
4207
1519
1422
8789
6549
4705
6814
7168
9350
9114
6906
3113
7468
2260
7951
4466
5149
7501
8665
6905
2003
5911
3131
41
7086
419
8491
1651
3890
6919
2450
4542
1554
4839
3721
6721
4781
4106
3654
2438
9998
2169
3232
3455
5634
5620
837
989
7614
4573
1468
1295
1621
4643
3364
8295
8388
1380
1702
6130
6214
5163
3277
2431
6664
2364
1558
2629
8538
1229
9684
1042
3846
6226
6907
9833
2679
9675
4406
1466
9582
7501
4036
9317
5450
1154
2921
6911
1475
5425
8333
3401
2404
7524
6224
4835
8891
801
6790
3270
4062
8208
2451
6385
4889
425
7448
5394
7736
3531
5616
8712
6974
236
6547
8712
1126
3960
6980
5509
9442
4647
1153
3112
2896
6283
8638
6322
2
2071
941
1877
2885
1135
7403
1374
5050
7651
4428
5025
3706
7526
9174
7944
9809
9621
6426
2167
976
7512
3709
4931
3820
1281
3827
9414
7054
9338
3489
8606
1787
1125
5392
5664
2589
3738
5827
5838
2832
5173
3661
3475
9532
1955
1803
1916
5472
3209
3303
3275
9856
6470
5346
2489
8362
6010
8057
1604
7307
7988
4320
5711
4162
5822
3238
2580
2133
3510
5354
6070
3793
588
9335
5802
3850
233
5398
1865
9477
1911
3942
3844
6035
214
8749
5316
5779
2903
7302
6578
5681
4223
8530
4843
853
7950
9313
3710
8717
9222
9782
1962
7854
7232
9481
9267
7135
9543
8639
8128
611
6191
2126
5396
4046
475
9676
3948
7072
7921
6801
9230
6207
8776
388
9570
2058
4491
4949
5900
920
1688
3148
254
2128
1979
5989
8802
732
9482
8181
6235
4263
9173
5966
9490
2096
3134
797
377
8274
5364
6637
795
2421
552
5754
9078
6844
9910
7209
2643
4594
2739
7208
8923
3043
1871
3267
2066
4486
873
3215
7589
9740
565
4967
7034
2809
898
7474
8923
3694
4571
7626
5555
5050
2352
7832
1576
6225
6911
1958
822
2272
5537
1641
1524
1964
7043
6446
224
9866
8730
5891
7400
2149
9048
1055
1856
5585
8720
6268
5945
2435
8285
8949
22
5112
1653
3872
691
4038
1691
5841
7574
8914
2392
5317
4202
8924
3442
5069
5766
4451
7249
9057
4963
8679
225
3405
6002
1296
5976
5991
7505
642
6012
8386
3987
6587
1618
6411
311
3171
5755
6185
8175
2889
8316
8485
9756
3730
6852
2931
2142
3650
502
1493
5186
9228
3985
1343
4887
8247
7869
9394
8062
5699
8336
6932
2902
4005
1329
7615
7306
7031
4757
2595
8696
1063
882
2074
362
1739
3648
2271
4444
3044
3849
3854
140
4518
3200
4759
2602
274
1524
2064
5301
6361
8123
2475
4553
1384
5583
5751
2400
9237
5625
5111
8893
7906
2797
4122
8345
1911
980
3147
4598
5597
4949
5017
1850
4481
6791
8383
805
6570
5012
7031
5507
2692
7293
2335
2939
8406
7521
8978
6156
7897
9870
5207
7419
8737
4961
2233
1721
9077
6413
690
9294
8376
7466
9704
1411
3105
625
71
4592
7200
4945
5829
4224
8593
9604
6200
612
461
1182
9939
4390
2001
6991
6700
5726
9742
7598
3112
9520
4557
6661
1728
157
4322
7737
7130
5226
7589
924
9833
7781
7449
4385
8955
2952
4040
982
8825
9133
8760
1621
1259
7894
6473
6300
7292
1385
765
3977
1668
5507
7512
551
35
538
3217
5672
9902
856
2473
973
3023
9537
1348
2157
6940
7616
8035
3748
1685
8759
8772
3978
759
2936
5401
3833
3683
8022
444
5745
4461
3612
9255
4326
269
6898
4350
8416
9735
8368
1080
7969
6660
7787
8597
1721
6545
4316
9359
9676
3349
7017
2291
2908
6735
3533
9791
7098
5136
9383
1988
1879
412
6728
6512
9410
282
7022
1888
42
3265
9619
4013
3317
7679
803
7318
2972
4338
3680
7287
9367
8662
767
2396
7444
1320
6347
7590
6735
7107
7251
3279
351
6380
9200
7556
9932
1274
9186
1439
9523
2427
9317
6410
3730
3003
8974
5229
5932
6214
6819
2759
1456
2096
2620
3217
9644
4331
9068
8090
3934
9432
5152
2935
6013
6339
3662
6936
8478
3246
7386
1697
5152
2240
7764
6939
9345
4356
8665
4440
2346
1117
1658
520
287
4492
1822
8255
3759
5983
7912
5600
2206
1096
7504
91
7275
6381
396
7390
9341
2037
6751
2686
8828
5121
7607
9216
4331
5681
3871
5287
5666
4627
5744
2817
7773
4631
2647
1521
4516
5406
3177
2494
5334
1785
9490
4055
4735
7673
9664
2963
3959
1275
5098
308
4366
8972
1692
5165
6884
2605
3923
8078
2112
2624
9934
7579
5352
4687
2317
2643
3734
8875
2873
3934
8860
4256
7352
7042
5631
3551
4481
6658
6016
907
1328
4390
9528
5435
8450
8801
2939
7481
4636
1910
1483
5098
381
2709
1851
1911
8703
47
5355
7021
9229
5084
8401
1164
1447
109
1620
4649
9534
3333
8124
7265
2061
1204
1296
5543
8050
9916
6236
3515
9703
6252
4238
962
2451
3762
3875
4642
5191
3720
4848
4434
1302
8994
1678
6243
5989
8364
3988
8341
7181
8290
7947
1303
3786
4218
3036
9176
1413
6307
3860
8786
3810
1840
7318
2976
845
7438
8712
7685
6234
6977
9458
5813
8484
3690
5962
3067
9526
5052
9554
9685
5928
7895
6334
1413
8305
2935
7176
8233
725
4698
3228
8883
9859
6062
623
9462
1676
8702
5397
8550
9652
6303
2106
203
8832
2133
2818
95
8255
9969
9650
6360
6753
4175
2858
5915
5505
5904
4670
7910
262
479
6960
1536
3749
574
5954
2422
3067
6500
1390
824
9654
1004
33
9625
5788
6130
2581
6172
116
7080
9977
755
5047
6867
2129
5684
3204
4708
3956
5771
4031
7487
8287
9172
9343
570
6454
8257
6178
396
7028
1754
8579
8825
6706
5749
4141
3233
126
9375
3323
8498
7793
3181
501
6204
6488
6881
8445
270
9218
8358
2543
5618
6793
2166
2716
861
281
5217
9675
4324
9993
9720
51
8222
2175
6222
161
6380
1542
9970
4581
4581
2448
5533
9694
5105
8670
3138
4082
9573
9811
5908
1178
8669
9210
2961
2032
4539
3032
3280
2951
4908
9699
8999
8504
8073
3130
2278
4028
265
6720
2064
8727
9247
3777
7962
3169
1259
2472
7610
2190
7143
1135
102
4512
4084
8541
1381
9011
9214
4189
5621
3348
8261
7019
9673
4882
3448
7028
1621
1975
6391
9109
3816
2853
7747
7180
1931
4892
1248
9791
772
2067
5422
1090
5807
3773
9596
4487
4419
9531
1748
3266
4813
6075
1098
8716
465
2227
4103
3079
9721
4231
851
5634
5798
8033
7318
7249
6764
6903
6609
6489
7763
9423
3417
3554
7926
7171
1212
5900
5285
8960
2608
2089
227
3125
4295
7740
1755
9031
6715
9704
788
8168
69
6541
1216
9787
5292
7774
6454
2347
7723
7515
2921
5259
5503
5390
2658
7543
790
3294
1015
8203
7794
760
1622
8761
5407
2673
3737
9578
5494
7733
188
6905
5700
9594
9353
6875
2338
8138
1879
3438
9445
2938
1237
5093
9167
4967
7621
8905
5081
4211
8241
3420
8689
2584
374
9309
4919
2454
4379
2618
4036
6876
6852
9990
7327
6016
9559
5908
6037
5783
5205
2651
1414
7576
8757
4855
9523
6528
9594
439
5051
4832
4496
1283
9492
6768
8216
3115
9220
43
1955
9884
3759
9260
9401
2569
6085
1247
7766
3151
5408
1712
2867
9298
9006
5589
2005
1112
3827
5519
9786
8390
2859
3939
7567
9204
2379
5569
498
559
7799
6443
6688
5993
3827
5321
8891
2154
8175
6187
8769
8275
8762
6443
5031
3338
1964
5197
2276
3902
4762
7104
9288
3701
257
3565
7024
9819
1693
197
189
515
749
7207
5351
8965
5023
6874
5471
3684
6698
9851
2936
7639
6749
1510
9627
6416
8908
4228
7239
7182
3292
6595
5796
695
7155
2987
5735
261
8296
9071
460
7978
5997
8253
7526
1555
1091
6066
8314
5090
9725
8592
7204
4910
4167
1648
6951
8747
3937
607
911
7465
2957
3007
7223
4153
1410
4656
1809
2036
1138
5209
5388
7626
9391
4958
1641
8495
3984
8072
5325
2842
5913
2149
7456
4700
9391
886
6528
5506
6036
6988
6324
7689
8160
2995
5020
2990
1030
3372
145
6435
4256
6278
3951
4516
3203
9577
5519
9208
7
8456
4762
5865
5282
8068
1552
808
5550
2522
4761
523
8127
6302
6000
4149
8885
7698
9465
6395
9938
8651
7464
611
7926
8889
8585
9634
8197
2940
1496
9814
5367
7319
5499
7579
2225
458
2407
91
1443
4211
7439
8508
8611
9621
8307
7953
278
9802
5631
5505
111
9123
9269
1356
991
4151
7939
6392
9482
1917
2611
2610
1025
4947
5156
808
803
8420
1923
8426
5291
9374
4952
5727
1211
8956
2000
8304
582
631
9356
8394
7308
5991
9702
6243
8049
4142
6588
8074
2519
6014
608
9525
1599
4828
7483
3663
4465
7499
7150
1858
7878
7205
213
737
4170
3542
144
2035
2151
9634
5810
8850
2561
4216
5301
5033
5245
8913
2758
6660
1831
3849
5906
9277
8765
5427
4127
6383
1472
8336
3839
3082
3481
7497
515
103
5778
8964
2072
4507
3998
4553
5923
2885
204
1757
6964
7383
9526
2449
8417
5552
4741
489
26
4029
1298
935
1971
8743
9415
3761
562
3814
5795
2728
5369
5063
3700
5197
9254
6280
6840
8250
2662
7278
7925
3021
9073
7007
8463
6744
6856
9022
9918
8286
8340
2991
7471
6486
8805
4842
6992
3329
5091
236
3991
2108
7089
7475
6388
1900
3682
4328
3195
2137
8711
6490
7827
2748
6103
8277
1862
4963
280
2671
6905
1539
3895
7508
4387
2377
7592
7214
6392
4412
9288
3511
3158
2426
3286
5817
5932
1597
619
6562
3061
2527
5827
7781
9575
1849
5164
4722
382
528
2979
2028
3048
2420
3331
2452
8212
9580
3088
4010
4308
6467
7936
8783
2849
5200
3331
5401
9462
286
2345
265
4344
3717
9609
4377
5711
6114
7933
2537
7213
2869
6832
5864
1432
7259
462
738
9095
834
7605
6351
8509
6609
2254
6594
4591
7044
4932
4374
8517
9763
5260
95
8183
2714
7684
9331
2811
8953
6740
2098
1646
550
6797
1439
9634
2071
7351
5589
4738
2593
6306
8627
2681
5993
1756
7734
1463
3014
9786
8667
1181
3559
4019
7450
7608
6736
7681
8717
9574
1130
7926
141
4093
5506
4704
7958
9812
814
6959
2519
9693
9342
9636
5924
3457
6633
7414
2189
958
9949
7868
9796
9167
8073
916
8087
6530
9346
3831
2898
4390
8633
6015
3607
4666
6164
4534
7174
1289
3797
7922
648
6055
7266
8973
1839
3923
8095
3993
974
9321
5491
7758
9624
3262
8130
974
6019
4590
6616
1427
465
6983
4060
8129
1059
3327
6028
1257
7292
2098
240
900
7161
2026
7219
3741
1900
9099
9077
4164
8435
5353
2856
3576
8898
874
6390
344
6536
5189
8514
2583
4672
2369
7457
3664
1994
9137
7914
8511
7894
6838
6700
8876
9081
4591
597
7597
6042
4388
9073
6919
5513
2452
2992
5112
4127
484
9230
184
6937
5684
4720
2103
3583
7656
6228
4791
4569
3554
1746
2763
1185
565
6270
1596
8652
3980
4495
4307
277
8792
4301
2147
6115
1595
7070
2219
9376
2344
9537
1510
9906
7729
1574
2210
2117
4597
5292
1425
8362
5805
3028
2487
2642
6310
5734
4947
6182
1396
6459
147
5989
4922
9907
8144
1382
2572
5987
1988
585
4008
5415
2224
4017
236
2857
3456
8991
4060
9478
4055
8687
3069
5944
4471
5764
1813
9505
9805
5861
2123
6037
7980
5885
9390
5520
4983
7822
3429
828
9545
8610
3304
839
4353
390
803
8470
2405
3452
2278
5956
2122
1917
2404
1459
2919
8978
5435
2380
9568
3066
6181
6127
8462
7971
7434
6339
4626
4715
7873
5633
5561
3231
9933
5444
5382
2230
1590
4081
4961
3343
7100
6352
3582
6166
3915
6062
3481
7930
2601
6005
2386
1049
1259
6478
2428
7177
2377
6382
2955
4464
3844
7689
5579
6644
394
8890
1984
6959
6077
689
7387
1354
7419
6225
5966
9828
2544
2295
4055
1372
2858
6695
2114
1867
3246
4512
1972
3454
3016
8205
9852
5208
1125
496
9498
9410
773
6938
5771
5025
4078
6521
1853
1912
8618
1032
3629
5034
511
2599
4632
81
2326
1583
1605
7148
5575
3711
3398
5882
6918
8529
3943
7871
836
2179
229
6922
6726
6555
9055
5605
6523
9030
7293
6336
4841
201
3249
2214
882
6937
2943
416
3572
9771
2881
9541
8891
2349
3835
7061
3540
9889
8107
5548
2578
3982
1075
6439
803
6707
8308
3955
3544
9026
3558
3296
4289
5269
2306
5373
461
1183
5000
9980
5586
3527
4298
1065
9297
687
8031
4376
2720
1993
2065
6634
923
1744
3758
859
9126
6810
1410
4175
8629
8987
6871
4546
6212
9585
5251
3621
42
8461
6600
2356
4889
8126
9962
9050
9683
10
7141
115
8676
3931
1235
1550
6961
6923
2372
2544
1511
1447
6247
3651
9772
825
1351
6599
6655
9752
4852
9712
5435
4409
4333
4259
5393
9709
1744
2796
1782
4707
1176
9115
9669
1295
5498
4697
7751
5320
7584
9289
7212
2707
2110
8595
2213
2948
2583
4064
6775
3363
2394
9930
5157
7428
4680
4266
9597
6976
6157
7251
5179
9575
762
6803
270
7131
3982
8477
5326
6653
8847
1334
2167
5563
2499
2728
2299
5738
2045
2444
7125
7680
6021
8419
2312
1246
3958
2240
6615
1232
5100
775
9163
332
4110
7637
1944
5306
8325
5081
8966
4105
8738
122
4515
1060
7762
9594
4928
1951
1966
3859
4930
3712
126
7498
3554
2343
4491
9024
3173
1741
1862
4093
1552
8071
2171
1834
1453
4862
783
6993
7412
6963
3477
3019
8941
5899
3903
1252
3483
4364
7311
4663
9266
1240
5845
5451
206
6611
4082
9601
815
9300
1908
7225
2243
4645
8569
6443
8889
5927
8140
66
1167
4972
6446
7966
234
7106
8556
7655
8439
3238
5540
8809
4430
7199
4826
312
2226
6719
1628
4841
779
1182
6178
8112
5055
6252
776
4296
7329
7460
2363
7555
6223
7245
3495
4293
4794
7878
5216
3100
8054
6427
1161
7576
3759
3098
2795
5044
9818
8257
4217
2169
4299
3299
9286
9985
8794
8334
2911
3982
6329
4260
325
979
874
7985
2586
7184
3703
533
5518
4347
1503
8528
6787
4352
20
8601
4352
1956
3457
5732
4478
9072
3243
194
3256
2924
7959
3510
5498
6459
4967
1234
6770
3794
6102
182
6701
5774
512
5610
1340
9285
2738
9869
665
5771
6512
4933
9964
193
3981
954
524
597
9781
1253
7736
680
4728
9661
9225
193
5034
9058
9380
269
1757
2992
8250
9838
1899
8578
1443
7847
4392
5192
6333
3373
9528
7485
6412
3025
3545
5305
2478
4012
709
6173
4012
4848
2445
6021
1045
851
6384
1147
4250
3680
488
396
4013
3519
6683
126
8293
5403
9511
2677
6205
4589
4919
4362
1151
7243
3249
6200
6647
9729
6580
5367
9560
5584
8979
3401
7392
5878
7532
592
1462
3244
941
2653
2885
9132
3471
2892
6341
3419
7011
7074
4501
8031
9968
9423
9928
8083
4869
3802
7601
184
4500
4521
7099
5120
836
8429
4540
3282
2733
2414
7871
8918
1214
2960
3647
2266
1477
2019
3771
357
9858
3227
2717
9506
865
1528
5616
9555
3472
9309
1009
3730
2991
1278
8744
6419
5553
7764
8296
5042
8351
3059
685
4597
9203
5583
6816
7007
5776
7662
6606
2849
30
7243
326
1272
1804
7593
4254
9307
2813
4984
9809
3424
1405
4140
5927
9936
4215
7227
6713
3712
3723
8729
2005
6799
2542
8120
302
5282
4712
8608
3779
5810
2702
8159
3700
5747
952
7472
4615
7959
3509
8988
2229
3367
3249
7261
3191
5062
9656
6879
2792
8549
948
2893
9126
1300
5238
3527
8729
3684
7291
8972
4595
4204
1205
3999
721
3245
440
179
8984
6743
2612
8754
202
4734
6500
8638
3549
5280
4928
5239
5626
7832
5816
5230
4862
9809
9033
2399
509
7424
8742
930
668
4537
4393
8024
2161
9250
6539
9945
4622
9476
7894
6048
5936
2193
2690
4391
4800
6599
9977
3449
8756
2051
3345
6762
8388
5975
9137
912
4212
8040
9669
1559
8000
1682
8086
5665
340
8475
6476
4299
8740
4982
617
6149
9937
9767
9293
2668
7118
4641
7598
3909
7447
5293
2174
8616
1191
7630
9636
6186
112
5627
5733
6581
9806
6335
8048
4254
4107
7025
4050
6325
122
5678
4708
3773
1433
7195
6825
8621
6681
6469
3793
9570
441
5759
4112
2707
9507
9469
4474
2710
8839
290
4186
3113
9249
4036
6342
3602
1719
5038
8560
93
591
1273
3787
1769
585
8400
7183
3995
805
1015
9504
3643
1833
6163
6139
4047
2222
5340
4746
4637
2550
1340
7486
9832
1491
1595
4524
7396
852
3222
6901
1642
7908
3700
8979
9168
1972
2343
2122
1107
2286
478
1904
7824
785
543
1279
3086
7897
2295
1379
6378
292
3922
7542
9250
3787
3954
277
8989
3876
9786
3142
7582
4113
7861
5734
8132
7184
6970
2074
9879
3218
3639
2351
2072
9435
9662
9047
948
315
1438
9498
8557
1843
523
1350
3985
6158
9728
5380
8018
2066
3132
7231
2499
7335
4321
3710
2923
4808
3146
5902
926
221
1500
3159
6652
1570
5469
9814
4125
4906
9328
8673
2438
288
4585
5739
3589
6511
1749
1974
7455
1590
4055
7813
86
6408
9852
4736
5114
5951
6124
6140
7169
5536
8572
8335
343
7363
4698
2414
688
9913
1255
3112
2737
4458
4793
2211
2750
8582
121
6412
3059
1172
8446
9336
6166
3686
3073
244
1718
733
4700
8174
8782
3188
1504
6902
1715
6250
5396
6225
1812
9334
1285
7542
334
943
5075
5627
1614
7641
1986
6531
5829
9712
3081
5997
7089
9235
2169
6656
4290
4453
696
9955
5212
3081
4330
9549
2954
7891
495
6499
3186
3895
4599
3724
9886
903
9002
5222
8611
7445
8629
4076
8746
8169
2344
9069
106
5506
9812
2480
4081
8740
1934
7359
8637
1329
2329
7253
6613
5526
2672
3723
7146
5486
3345
1934
5112
9356
6110
6185
233
6946
8045
6845
5823
6620
1209
7043
736
5260
9442
7447
8078
8014
2418
4446
1960
7239
5087
8557
8574
1749
8609
3084
4772
4905
6930
3260
4823
410
3956
750
9396
3626
2247
7134
695
5089
1536
2017
120
5285
6516
1353
6084
5225
5645
9131
3067
8899
9973
7873
4268
7553
7611
8484
8337
4960
2072
917
9689
7948
2220
326
1303
8691
8051
4452
5767
5284
3750
6871
5703
3070
8436
3289
5232
7256
7000
9547
9260
7798
192
5924
436
6083
6481
1842
6015
3763
8797
5734
3016
618
2327
2171
3065
6189
49
7392
7173
1192
3364
7783
5148
3102
2169
1198
9116
4322
3251
1080
7960
2525
1656
1890
7756
6295
9890
5219
2210
6209
8437
2003
6486
8016
3854
5084
742
6265
223
9043
7206
9607
2374
8068
4434
2409
776
7334
3913
5283
2725
1692
511
7716
7774
491
8962
436
4415
6769
6299
4829
5182
963
2755
1360
1296
7132
9248
7085
456
2851
4098
4208
3873
8352
151
3588
7456
5346
5519
2555
1305
6926
3483
6744
1491
8770
242
3362
6122
305
1850
3453
2743
2376
4425
1410
5313
3073
1113
3643
8086
6828
4827
9874
7594
6303
3842
9421
340
5373
2980
9068
1250
3743
3524
8255
7480
6010
9868
2526
6890
5885
962
150
1001
644
1464
1497
3927
8740
8275
4383
4233
1875
4469
4477
2099
3609
9150
5188
4927
820
3021
748
7325
2781
2203
8999
8852
6170
3930
9302
3204
8586
6753
2200
5866
4676
8872
6949
4839
2345
5494
1599
7098
8596
4834
9374
9274
9046
6155
3870
6860
4680
7599
6069
2863
213
2825
8219
8440
2464
2644
7756
4810
8972
1178
5647
5121
2269
8611
7423
4736
2200
348
2581
5325
1421
3650
8728
7947
2829
9725
9806
14
59
2442
8523
987
684
9336
5652
1851
653
8509
2374
9701
7737
6789
8125
7418
9187
4252
7005
435
8731
9133
4660
4331
5017
743
1442
6562
4096
271
5611
2739
2838
7742
4751
6530
2654
4659
4437
2932
2958
5572
4083
3690
7974
2880
7588
4632
5524
1310
8760
8576
2720
9370
1282
925
7782
4192
5969
9940
7894
9089
7754
381
2897
9634
6862
9995
2037
1595
4763
4527
9815
4072
7476
3159
5050
969
6357
2137
3155
6809
1038
2786
1511
7035
18
3467
6459
3825
8747
8462
8689
4497
5038
3869
7817
3702
793
8339
6017
7592
2594
3928
6546
4233
8761
8647
1894
8122
5875
6813
7835
3832
6784
1084
8051
4968
8870
5862
9616
3395
3535
8211
2847
6301
5837
5317
9034
3607
5342
1347
176
8017
6120
5562
4214
7109
6239
7278
8274
1370
1573
8336
7950
1934
627
4857
7712
3953
5817
2848
4832
4930
8723
2621
4057
4382
1081
245
8395
3443
9613
8286
2780
4527
6636
9817
7711
1221
6870
941
8728
1591
7588
8245
1822
5199
261
912
5673
980
7604
5080
7789
2493
6515
5245
9293
3498
1505
9831
6028
5994
8882
4830
1757
3286
5556
3422
5298
809
7146
6491
7083
4876
4120
3240
7341
478
799
8858
4121
168
4571
7415
5838
4532
497
286
8012
1391
524
4212
9716
7038
4913
2733
2709
2757
6487
8535
9642
6838
5614
4864
3833
1113
7997
2913
8373
3274
7904
8814
2699
2647
5710
5860
1423
1467
8992
7224
2789
5269
5410
3907
285
2933
6774
44
9962
1386
531
4583
3990
2263
9215
7282
4553
9706
3581
4725
6535
7583
1912
4737
3487
1709
1513
7069
1328
9052
1309
1241
3765
9263
5746
4373
1428
1707
4579
900
4338
7952
2950
6987
2743
3320
4823
436
3431
8427
1306
1717
7886
4266
688
5205
3356
672
419
8575
1420
9705
8716
909
76
9289
817
4727
6516
4842
5853
2845
5127
2681
386
8582
4632
4925
1993
166
6885
1077
3637
2900
7746
9592
3355
9498
8574
541
1016
755
1287
6003
9479
4633
9236
2040
6910
3453
2502
96
3919
8589
2573
8461
6589
5205
3880
2106
573
8431
8678
253
1689
343
6067
5816
3163
483
5934
1319
6152
5975
3826
5098
1558
9123
3201
5753
9346
2591
8014
8540
7664
6788
7157
5048
326
9284
3003
8149
5618
6468
9967
2584
2077
1034
4314
9136
8565
3420
8877
6427
7518
1183
3944
7943
4763
7475
6903
7465
2004
8127
2759
7981
417
138
2588
4900
3185
1019
5489
3878
7480
7785
5700
9683
6007
1241
3021
523
4809
4064
7188
5926
3714
1587
1021
6481
2844
9213
285
2850
2381
5537
6145
7491
3708
1986
2167
1938
8445
9413
5950
7545
7930
4998
8946
9733
5482
4260
1936
3521
4454
6379
2656
7939
938
6833
4266
8829
9117
6107
2056
3971
734
2638
1497
1943
1639
8209
5975
4021
9074
1082
2077
5396
8113
9642
7995
8716
2640
1287
998
8584
7277
6763
8396
6001
2881
8206
6552
6874
7719
3337
2820
2338
7357
1979
6811
5291
3500
7003
8094
7273
8284
7915
4447
3371
4302
7260
9825
1296
8837
5550
6188
7830
5108
3471
6694
3970
4242
5495
9062
3433
1657
9100
6301
5736
8261
9738
8038
6134
2831
2703
5215
5637
3192
3725
299
9362
2316
5024
1699
5620
8380
5256
8036
2168
7148
4990
7229
3885
5284
2840
1049
8005
7941
4661
5615
9184
1613
8710
5109
4563
9221
3690
8464
6134
335
550
4637
1383
3172
7332
1653
9218
3795
3441
5052
6400
1063
4132
8587
3271
2509
4153
850
9991
1654
7210
7696
8531
8109
1114
7748
3606
9914
7136
6399
4689
6791
1902
1833
6598
353
5846
713
7952
1186
1831
4209
4499
9609
9215
8121
7481
122
1838
2054
5068
2840
8473
4479
3124
2854
6105
3273
2057
9583
8047
9303
6659
7041
362
9608
9160
2298
1989
2917
6662
3439
2897
8804
9822
3000
3196
8922
8894
2993
267
3483
8075
5082
1331
1849
8318
7422
8708
3743
4247
2572
8656
8369
3138
2527
7550
7458
9246
9606
8960
5182
8133
8920
5391
1628
9943
9668
4657
124
9657
7183
4379
9063
9316
4564
1227
1576
5710
8513
1290
1737
3589
8245
8669
4090
4783
4528
5665
7294
5449
5738
9676
9288
4033
5084
5350
9155
9691
9702
1905
8650
2765
8584
4086
7064
8193
9592
9052
8574
1300
5973
1748
732
8315
7222
1593
9887
250
1300
6845
5415
4002
7362
4674
3919
7506
5091
5029
4231
9214
2072
1885
6007
6607
2639
8972
5005
4159
1604
5897
5190
5475
7091
5994
9476
3989
8943
972
6810
3491
5462
8904
8390
2857
6490
4647
5402
3909
166
9557
3101
4563
4821
9360
9227
4088
5741
4125
5676
8250
6587
5727
8645
5403
1655
9939
6911
1368
5198
9929
8563
4118
8219
740
3751
3168
3495
3150
117
7992
3569
1095
3992
2047
2795
627
653
7731
6766
5387
8248
4817
5296
8560
6903
9735
258
2986
1201
6550
7736
4034
8711
237
994
8983
6343
4081
5608
6059
593
2590
4007
7684
4681
5492
1734
6598
2608
1028
9286
9180
4601
9810
1680
3745
8822
9659
3836
4016
2910
508
1948
3566
256
9534
2384
3755
1053
3812
4283
6572
2122
707
4794
5658
810
7612
3878
1411
8000
3659
378
173
7264
8555
9433
8900
8557
7248
160
6684
244
1592
3149
85
642
440
7428
5146
3107
7979
5545
8796
6745
2713
7058
3893
5016
6022
2935
1210
5780
2424
6015
9250
129
1775
6302
1700
101
3484
5197
3804
3651
7598
6327
530
7558
4709
5015
369
184
8731
8303
21
8113
1582
3427
4550
1497
5539
3884
2535
4312
8950
903
7820
5576
3898
9955
8866
4138
5727
5045
9623
2781
1740
5144
9146
6385
6527
6334
306
1006
2566
1025
7049
4120
5994
1136
8546
8347
1751
203
4561
9600
2662
9492
4700
6694
8507
4953
3660
4753
6148
6231
4456
3685
8680
7239
6373
6437
4281
8164
4969
9204
3577
1528
1746
7924
3854
3699
9582
2762
1409
519
2386
5524
484
23
119
2248
444
2452
7878
1574
2674
5553
4857
6334
6569
3363
5440
8754
4763
2109
4066
3586
5233
5356
6022
1134
7745
6775
2839
4808
5371
898
3344
5629
3844
8932
3201
8657
7120
4124
5993
1829
286
3395
6530
8024
6670
5411
1355
491
8259
827
7998
9300
6453
8799
290
5127
4000
8985
4502
3669
9612
3070
6203
1776
2208
9228
2489
7636
161
6782
1634
638
6115
2236
3300
1838
8826
7998
4463
2334
5419
2347
6548
4544
2899
4044
9175
5044
8641
8074
4657
8135
9621
2324
2216
7216
7192
4753
5815
7442
2921
3718
330
1476
9192
7359
3184
4216
5499
8452
6301
6001
4521
2168
8249
7264
6521
1658
8877
8164
52
7444
8995
2087
2124
3499
1016
3791
19
6084
4646
4072
2183
7020
9412
1700
2017
5071
5351
5539
860
4959
9545
188
1773
8656
3613
7453
4074
4952
694
5533
5876
7651
7389
5476
4723
8243
9352
5693
6342
9392
4196
9415
3805
2228
3817
7500
2756
6548
5246
1449
6307
3337
7303
5093
7899
8806
314
3468
9885
3563
9717
5067
5389
9113
8196
4532
9631
3935
6977
3774
5719
9657
9196
1468
762
129
6383
9544
4839
6112
4696
7525
9705
9244
9225
2538
347
2296
7577
5916
7929
5883
5808
2779
9675
9129
4025
4692
4032
9285
7869
8821
9571
1472
5730
6649
4141
5835
4331
7769
2423
769
8629
3772
8866
2191
5361
6145
9887
5657
4184
7334
6357
1061
5845
9835
3849
6417
1793
1632
6104
1690
5511
5553
8242
5875
7954
8233
3514
2576
8397
4511
7965
9807
3492
7159
7254
2035
3912
7483
3767
7880
4804
8375
5100
534
2463
8509
5626
5894
2799
7723
4042
2698
1665
733
5258
3075
5529
2991
4237
7128
2631
7311
7260
9672
9369
6550
7568
8686
2581
1814
2504
4309
7865
8224
6885
7136
453
7708
3411
9444
2606
7619
9776
673
469
5266
8142
2759
1900
4179
6505
921
3245
6639
5248
7493
1115
5427
1164
5913
940
6940
3313
985
5219
9732
4833
3440
3847
8121
2621
7821
9579
4792
4521
5011
7535
6586
9203
4102
8407
4809
6785
8401
5309
1583
1064
1225
2975
9391
6021
5026
6543
7498
8503
5666
4306
8790
5454
736
433
4701
8911
3779
1557
8683
1341
8452
2118
237
9958
4528
6223
7062
7505
6131
155
4911
5676
3635
8668
3607
465
4455
2100
7595
1278
2081
6289
8855
704
8744
1131
8467
3669
3706
5898
3006
6843
6625
241
2611
9107
2738
9433
1492
8802
9481
9992
2372
5511
9394
3114
1818
2067
6826
4236
4455
1679
3962
7405
9260
2163
3262
9532
1214
3396
7756
3393
3799
232
7149
8067
9050
3394
6057
4500
7726
5022
607
8793
1797
2088
3916
3344
1309
5629
9312
6399
6842
9469
1443
1326
2881
9220
980
447
5844
3205
8218
8096
1045
6088
6192
2139
8361
1327
4063
8424
6010
2326
6509
9432
1071
5169
5608
7172
8246
9918
8222
5585
4083
1356
6550
4329
8789
5822
5186
9830
2413
5609
8655
4520
6803
2511
7747
5708
5895
1776
4982
9982
1565
888
389
4516
2960
2010
255
7712
3611
3808
2200
5925
4983
2633
4012
9688
9537
1863
3350
2539
6140
4233
6011
400
3670
1988
2628
8560
7421
9899
1276
6470
4936
8239
4019
3195
967
2033
1369
6778
5567
7474
6219
8605
3408
2730
9537
4170
8498
8058
6170
4032
8426
2442
3842
7332
4876
9989
846
971
9381
1694
290
3712
2531
5730
989
6743
8614
816
8721
7504
493
6571
6972
8666
8014
7405
6991
940
2451
8458
62
9363
3728
7244
8043
2493
4397
6687
8318
978
1187
398
7397
3873
7184
2507
6074
7677
1740
2793
5556
7681
9337
8666
3539
1854
5470
5176
9318
7471
2997
9906
8520
923
1632
927
9983
5287
7687
8495
2346
1926
2497
7743
6317
95
9174
3099
1482
5507
1331
9313
9199
9657
2902
2380
26
5062
3705
6189
7023
9221
7369
847
7980
1280
1877
6474
2240
6256
2523
787
9990
3244
447
3629
5184
1593
2349
3443
2680
2371
3694
3811
6139
3683
706
8863
8020
9251
901
4921
1581
1497
1472
3125
4557
1649
9762
5036
8217
2700
858
5225
2983
544
9322
5955
9209
9272
7195
8432
2712
261
3509
4652
5526
3558
4708
4296
574
3014
8453
2989
5355
7602
9205
8493
1771
7322
9072
3534
1831
7313
5226
9980
1512
8468
827
5595
4361
4751
9653
8748
2055
2468
2208
1320
7988
6820
7598
999
6941
5466
4461
5202
4246
7869
9869
5380
1339
829
4183
1887
200
3661
6601
5399
5034
3529
3139
7058
2730
9113
9935
5822
3361
9705
933
2887
5394
7884
504
4951
9724
8072
6592
6365
2851
23
5733
3643
8599
5447
4256
3531
568
7766
8547
8394
5867
6809
6286
4459
3681
540
8269
7828
5530
8638
1841
4541
6936
6982
9986
3454
325
9232
2163
2127
7068
235
2547
5010
7795
9495
8458
7283
4857
6404
5254
5595
1157
2538
7019
8585
1598
6044
1269
9183
9803
8764
834
4212
8182
1191
6707
1617
5460
801
3205
1335
5603
6419
1325
5631
4261
1275
6663
4185
2081
985
2971
9125
3384
6246
3384
4397
9963
1401
1856
4280
7962
2979
2323
8303
9401
8335
6828
6604
2788
6841
1822
4055
3198
3918
9991
4737
1212
1387
4324
322
9380
7084
7102
8817
5793
1708
828
1936
7807
2309
1654
4059
8944
8924
3373
2623
4096
3021
6230
5925
4447
59
1397
5239
9163
8915
5927
9465
6254
8646
3184
8575
7077
1534
4899
878
5876
3506
2510
7692
7507
4892
8797
478
5187
7762
5111
4273
545
7368
641
8190
5156
8398
5874
9321
5686
1862
9654
6878
5781
1362
5681
9160
9125
3078
6982
7409
4024
2494
6747
589
511
8538
8418
9555
1262
918
52
1401
3803
1653
8919
8886
8005
4993
3418
8678
5659
5578
5191
4013
3852
5632
1910
6144
9210
9637
1352
2108
780
7701
248
8051
620
51
7679
6618
9979
6319
8059
4768
1810
8253
3074
4128
2443
6795
1154
4131
9659
8303
1750
8446
7302
2733
6737
4879
6627
2274
345
1625
9565
7943
620
6101
1404
868
8265
7953
7314
6800
8699
9340
7519
423
2203
5598
2557
7782
3700
2414
8482
7221
2449
2476
5951
1802
748
7887
3313
2800
9990
7705
5974
6434
5202
3866
7632
6973
2724
1575
8530
3201
6817
2859
9604
2410
927
6879
529
1138
2322
8845
8573
7930
3143
2344
5494
8144
150
9601
119
377
4640
4513
6809
993
3365
1084
5221
8336
7966
5584
5058
2125
3884
5280
403
9589
2871
3540
875
3869
7357
2174
477
1145
9131
8043
3291
2857
8372
9487
6822
3122
1455
8152
8561
2303
6050
8610
9044
9842
1657
2192
3172
6738
3787
6448
4045
7862
1941
5905
5272
6609
8726
6250
3019
2465
4036
5663
1861
5322
7793
2363
9964
8478
8761
1936
670
5732
6719
8099
3538
4260
4496
1032
2211
5165
9002
3739
7358
2683
3998
5429
916
2467
4215
212
4395
5204
5132
6095
8267
386
6749
3722
2048
9294
2228
4693
7976
1851
5777
8313
1142
3841
2366
1011
2113
7694
4038
7854
3463
296
8305
9178
1323
2364
1447
7496
4263
8549
7540
5465
599
624
9831
3151
7511
773
8984
2917
2936
4308
5763
5506
6905
5684
4286
7074
100
3203
8098
6700
1165
7277
2632
7971
2081
7570
2398
9683
7846
4731
430
9426
4310
312
7713
518
4009
9215
3500
1339
8710
1121
4918
9154
4532
2798
2272
5639
8077
4372
7396
1060
450
839
4299
3321
7991
1860
1070
9940
8375
9300
5070
8204
3878
6336
1196
6593
7971
3768
3064
885
9703
6759
7990
44
2359
3478
3438
9282
5298
6759
1605
3474
7335
9369
8976
3470
6012
4391
2526
2149
8145
3559
2964
9410
6050
6713
5275
8196
1602
5678
7667
4309
1307
6511
1357
3691
2849
4255
962
4513
8421
1787
4642
1615
7694
1596
868
4508
7359
7726
580
3579
1242
915
2740
6143
3794
8580
3993
5645
8202
5242
7680
9619
9091
7296
2166
824
8012
5285
621
1757
3429
8012
3728
6358
8916
1348
1715
4454
5844
766
836
3875
5097
4088
3067
392
3770
5213
9896
4268
261
5316
6310
3178
4106
5022
2523
397
9429
44
6496
2074
7104
8823
150
3229
7186
6381
7227
2445
6864
9538
9800
7435
4406
3804
4522
5003
4229
1774
7053
2799
5388
6352
1495
8112
1701
549
2251
3894
8825
1317
5025
5800
4270
8761
6771
6274
3938
9837
3205
7389
7986
7450
7403
722
5515
8875
8772
301
500
7519
6168
7654
2990
3697
6685
752
7327
2037
1527
6637
4130
3332
3620
5546
4513
4000
3165
5644
7033
8248
1065
4391
8569
9664
4813
7937
8948
772
2596
2826
1777
1949
3394
1305
5149
7370
2809
572
2076
6018
8946
1900
8310
6567
3258
4653
3830
1856
6209
1515
5709
3127
3268
2251
6454
1776
9084
3326
8884
8747
1803
6555
9440
8700
4859
2180
9938
2315
397
7142
1190
2592
3568
1014
9302
9164
6081
2001
6405
160
4107
7092
4563
1081
7117
8649
8681
1142
4850
3373
8286
9483
1688
3328
4215
2390
2460
9609
1707
1078
4714
1515
1459
9066
325
3117
9559
2253
2949
7289
5694
7082
6920
8723
4640
4711
1992
8359
1583
6210
3498
8796
7464
7023
8856
1707
903
239
6799
6911
6704
6471
294
5327
5445
2591
5632
5496
755
3999
9089
6428
8192
7561
7678
1203
2562
2965
8687
9503
398
4100
8026
5497
7580
5917
4051
4435
209
8618
2213
9319
5453
6038
584
9223
6788
1593
3277
2049
9078
6495
7603
7583
7120
7069
604
9902
9345
7653
9144
7938
1552
7296
6512
2603
8445
4796
7747
9528
8539
1196
5287
2137
1786
9770
975
2154
6976
8455
4414
969
9687
6638
424
3903
6497
442
8376
510
5313
4149
5090
2556
9473
4275
7767
8157
9525
7981
777
1992
3846
3749
3509
7881
1208
5466
5797
7350
6093
8450
2925
889
3239
8175
8251
4913
6871
2609
6106
8003
6420
7236
4215
4390
6106
2731
2663
7510
2002
2818
2628
8995
7678
2422
7122
5937
3129
2543
2695
1030
4644
1026
4416
6863
1223
4200
9316
1297
6024
2853
1286
6915
1874
2774
5571
6610
9534
9118
1775
8477
2802
8286
5347
3275
5821
3930
3211
816
1053
2313
1784
4328
9914
5076
3358
5394
2819
7351
3167
1905
3414
1365
1486
9149
1532
5712
7121
4903
6850
512
6403
4011
767
4217
8227
6357
5678
1141
1041
7292
988
8499
244
3710
1068
6958
7001
6798
9415
177
3790
2182
5950
9869
5062
1437
6800
6197
1743
108
6809
8308
3966
540
5910
7773
3560
5696
6848
7000
9715
1678
6310
5875
916
4914
1120
7775
8080
4574
8711
322
5487
6672
6722
4220
8060
898
9155
6790
9557
9480
9397
932
483
2680
4533
9704
7800
3295
3397
1304
9949
2415
462
2112
5872
75
8952
148
316
9024
8117
7169
1397
6486
2820
7293
3818
1689
9712
2662
6541
57
7442
235
2280
5377
5391
8236
380
1416
9975
4785
1176
7406
372
3072
6210
4609
8347
7985
1945
9006
6474
533
1363
2228
9535
3996
9860
7239
5886
6110
3582
735
4763
9891
4972
226
9832
495
4683
716
9767
8900
9048
3331
5992
3990
6113
9747
1082
9208
3341
1727
716
7535
3583
6908
8871
51
5841
1395
8375
3141
5530
3864
1203
440
2643
480
8099
5983
4777
7852
3302
1229
9238
7574
1485
8032
6235
5545
7883
113
6156
6677
2768
1854
19
7228
6308
8063
1355
9780
4654
3288
2340
6626
3369
5184
2127
5551
1346
5632
1647
5098
4430
5489
8425
9486
8296
6009
5423
839
3815
296
3511
8262
6984
8852
1095
9349
421
5415
4172
35
4628
4997
3198
13
8888
2612
4204
6300
5905
683
4198
2250
8465
1057
2246
7279
3429
532
8931
298
2640
515
5964
4357
9776
4078
9642
4517
4088
2778
5130
5931
1459
1612
470
9433
2291
8411
598
5683
1805
9122
4934
3131
6098
1261
9797
5926
6605
3816
5920
9889
6483
3873
7395
4113
9032
8840
237
4810
2970
9687
2212
3127
5553
8266
790
6852
587
2812
4987
5017
9933
3248
8493
3517
5581
2833
8259
8515
4281
3715
7911
272
6858
5240
9448
7586
4216
6357
401
3451
8174
5788
2713
2118
6910
1807
7577
7831
470
2944
5338
3793
8828
902
9955
3235
5379
3878
8531
6199
580
1722
528
9254
1775
1940
6268
313
8818
3204
2636
4230
2411
1536
6843
4145
534
6375
6607
3774
5255
428
8044
1336
8377
4118
1443
5955
5284
6212
2206
338
7825
4202
2870
6452
5259
3459
342
4969
5538
7264
9012
7266
308
1108
1381
7292
4059
5810
2700
9004
7271
4757
944
152
3678
9192
877
7657
497
313
5028
2605
998
2298
6405
8208
8665
390
8886
7075
6033
1637
8235
7990
1415
777
1028
7269
2736
4151
1896
9474
3511
3201
3066
3068
3258
2718
2774
6067
2582
2685
4472
5224
2235
6406
6268
8009
4702
3172
8626
3668
6924
5625
2970
5634
6521
2953
8736
2900
8163
3608
4920
6345
8417
5554
9093
7796
9231
3337
4950
5946
7616
2818
4492
3348
7164
3011
5754
5008
4508
3018
2566
9563
5524
8227
2550
7886
230
7432
6546
304
3982
9873
7904
8974
7764
8126
6807
6681
7312
8472
8778
1365
8222
2679
6051
4105
1132
9622
8470
3510
7198
3727
8391
5144
1041
5357
821
189
3003
1207
7565
1798
6790
4645
1964
7742
4914
5518
5584
9037
6203
9073
7695
6036
4240
1200
1341
2844
2175
8445
6753
608
8962
3036
3106
254
1482
2759
7932
2406
7305
6618
3677
6105
906
6979
4575
3576
714
8308
9190
5613
4038
9432
7307
8124
6032
2354
904
9841
4016
7976
8013
4558
4454
6957
2835
3753
1539
1710
6260
2155
7586
3177
1731
9584
5396
1590
5129
7260
6624
7764
2130
3866
9254
1139
6569
9529
5729
4981
4221
9127
1855
8090
8390
9329
8604
9118
1650
3949
4144
821
2037
9004
2048
7035
8027
861
7701
7722
2728
4441
7225
3643
3216
6251
5846
4147
5304
3315
387
3305
8024
6557
7488
7133
299
9495
4786
2402
980
6277
9939
1179
3116
5803
5726
3125
1818
2218
3111
5708
1828
8007
2252
9780
1902
8211
4874
2138
3482
4457
3814
8335
3562
838
2797
5479
1515
4914
6735
8531
6074
5298
6741
6451
4502
6045
527
7413
525
2720
2328
3085
203
4678
1477
17
4305
7708
5231
2087
4621
2648
8919
6523
2463
1604
7617
2277
3005
246
1609
6904
5483
4580
9634
6530
1265
5801
5277
5856
7684
7460
1613
761
2128
728
8132
8883
9361
2780
1174
3807
9682
4648
3909
3425
6378
218
3988
2897
8427
8249
4407
278
1110
5424
7602
5622
5044
4946
8751
8503
2430
9374
4403
7160
1034
8158
4394
1734
3471
8733
2916
225
9071
7802
7221
834
671
6208
151
1047
1812
2380
7428
9434
3053
1335
9651
6704
3126
2509
3839
4414
4028
2671
1377
307
244
6748
2391
8220
5823
2254
9425
9694
5333
4182
1206
3308
8202
6767
4951
8835
4794
7704
6691
50
1946
4968
4107
9699
8507
7690
8607
962
4894
8501
6196
6400
6425
6913
590
3922
3817
1931
5223
9558
2954
7734
4101
8871
128
6342
8501
6358
7558
5004
9619
6324
5979
1326
8361
5275
2641
2692
9713
8133
3646
8463
4800
6831
7985
4805
6883
1289
6177
1029
5017
2863
2481
7132
7096
4211
867
5236
9570
2164
9189
2249
3403
9890
8881
9872
420
5098
8551
5314
1281
1125
2217
7089
5912
4490
2934
7269
886
5323
9459
7212
181
6529
9986
6756
3842
8847
4230
4150
4408
7404
3122
7548
8944
1396
5059
4909
7949
8112
4384
1784
2737
862
9747
3892
645
5391
1220
2605
1276
3597
4350
4246
2705
1977
2067
6874
9903
2125
6030
1573
868
4401
905
3876
8003
4669
8145
4515
9430
8024
9320
2773
938
7674
4475
9318
6781
6093
6110
8451
7627
1624
2873
810
3054
8875
4843
6966
9329
8185
5005
5824
2082
2811
916
8335
9957
5871
5889
5976
7245
6704
3175
3251
4277
1576
3308
5030
7502
2748
93
3810
6014
7578
3946
9243
1527
94
821
9128
9825
1178
5186
1245
3018
3496
691
8126
6758
6139
9361
910
204
134
1205
922
8449
9621
6533
1478
5566
9812
9464
6580
8092
1195
9809
4503
8865
1673
6807
9862
5049
6761
6150
6066
1518
1929
233
781
884
5181
8272
1362
3387
9182
3606
5880
6372
3023
793
1905
3561
9342
3561
12
1714
8605
3153
1823
3686
6187
9261
5084
9331
9499
5860
3442
3983
5139
9404
6519
9388
5751
593
385
1540
8102
3193
8909
7589
3928
8130
5841
879
4901
6300
5706
3199
6138
4352
2912
8776
8410
7094
4696
5919
3187
2031
3888
3322
163
1897
1233
3618
4274
2517
7809
8749
3175
8472
3611
5412
4243
4233
9758
8056
3419
4205
4429
3198
153
243
7845
787
6492
7742
978
8657
5896
4465
8352
6070
9304
5586
7426
2031
6897
2223
6605
2384
8491
6957
24
7665
740
7499
4532
4176
7336
6640
2499
8982
7601
689
3169
9920
4051
445
7126
6531
1538
9152
2852
8710
119
7540
6107
8657
6807
7726
1159
1196
7599
2044
4707
3195
219
179
46
8992
3210
6802
1321
9256
1965
9370
8469
8615
2417
7506
7979
6451
5097
74
845
9339
4105
1313
7546
3199
1391
5875
7369
9609
5481
1303
1382
5556
5981
9974
9701
3872
399
8133
3321
4736
7830
3595
6744
749
9071
7492
6240
9300
9747
4707
6099
7525
1199
5368
9089
8905
2632
6846
7600
7334
9432
1712
3775
662
7987
2912
2633
2442
7805
4107
6052
6963
6752
6108
1508
510
4568
6797
4127
3899
9634
8068
9862
773
5204
3857
4357
613
884
795
1239
3552
532
5986
5304
6118
9819
6082
2762
6159
4858
3797
1495
5639
8654
9135
772
5090
3859
8579
4336
5835
2718
3701
7699
1364
1849
3001
5457
4130
8554
2020
1558
7009
2868
2500
6430
766
804
5390
690
8486
4034
7968
9041
5837
6572
4222
2119
6068
3084
9267
6754
2305
6459
5403
833
6831
8286
3939
4268
6817
624
8631
7604
2838
2238
4486
2770
6153
2704
6
4285
8469
7888
5849
1800
4750
4660
1862
4791
7627
882
9389
1046
9287
5265
9253
550
7465
1667
9599
2479
6864
1121
3872
7861
5403
363
6202
3598
2086
1451
5965
3363
3077
4981
8284
4416
609
3602
6082
2171
6424
9148
6641
5935
1235
7585
8317
7572
2985
3935
5305
4486
3104
7527
7421
7348
4015
7987
6397
4387
8457
8263
2704
6175
4916
6025
7968
4306
6981
4836
9940
3862
5584
7428
6054
7715
4479
7937
6626
7817
2045
8630
612
8151
6146
1478
258
5549
7560
936
401
2621
7204
1695
3713
8161
6444
466
1019
5210
9617
4011
591
8149
3995
1443
8902
5676
1473
9705
2868
6078
1361
8580
2341
9827
7650
4553
29
3437
5766
2419
6745
6044
4434
7319
6657
3888
3714
7893
1271
4013
6918
1416
8200
8034
8039
2463
4155
4702
2575
4582
4076
7854
8068
4323
1260
8624
9354
3886
510
1890
437
7581
9443
7197
7265
4546
3714
6675
4785
5014
1961
3579
8433
8854
9160
9944
380
4307
1787
5187
397
5326
861
1183
8342
8891
7976
111
6059
8033
4533
9828
7383
9380
3576
9336
1972
1002
768
3493
8748
7480
9916
7561
2621
497
9421
9213
5163
1315
8243
5047
2099
5322
1493
5111
6720
8259
8855
8374
6569
3603
616
6752
480
2133
6196
9052
5278
9823
7972
9378
3538
8294
6439
2917
5409
3300
8562
7845
9470
8762
4948
4744
9790
9486
7729
2060
7887
8465
2616
3712
2146
2394
6923
5145
6863
3164
7080
487
4301
368
3935
5339
3342
8864
1509
3804
8883
8576
9701
3419
9697
1010
8904
7806
8655
5872
6961
994
4404
4135
1164
6813
7207
4259
7231
1144
1371
1294
6054
2244
6219
8074
3544
9101
4827
9608
1401
925
7977
3924
3177
9311
8763
9196
4015
1136
3489
9116
6489
990
6202
6085
6083
165
9203
7122
8132
9083
1632
364
2433
7589
2521
7457
7200
1622
7465
9803
2979
9046
4471
6036
3017
479
957
1853
8049
8010
243
6095
7654
2254
4804
5063
6041
133
1991
3378
9897
7704
1476
2317
9292
7612
1491
5588
6789
1306
1996
2393
3670
3686
6136
7443
6519
166
3068
5604
9208
7350
9072
121
8840
5537
2709
179
2785
7458
1415
7066
9631
4087
9905
5274
7570
2153
6744
5405
8988
5369
5063
6743
6014
7850
2425
3968
6117
7360
8543
5875
7065
6386
4169
2546
8632
1355
3477
3755
4902
1312
2802
9331
9891
4929
2761
9582
3780
862
9873
4365
3422
7662
6616
3839
2287
2329
4106
989
3112
8741
4061
5424
8914
5540
1
3244
9918
7359
6642
6214
8676
2989
502
7675
2566
5732
6851
1085
5089
2842
187
5255
7487
4178
2452
9402
9770
330
259
6302
7249
2488
642
6160
7250
7378
416
4350
4927
9516
9664
6421
4219
3658
5689
432
7160
8940
1272
6554
5477
3020
5900
269
8554
8806
7936
4736
3087
599
3474
9587
7099
340
8965
6187
2346
4342
425
5187
5315
2501
6158
5572
3177
3765
1036
3829
8488
2019
2242
830
9057
3705
824
4228
6587
373
7605
8444
9441
5680
1263
4328
6042
77
9322
3878
4692
9501
8086
2817
8514
6084
1238
2976
6862
328
7091
4789
7769
4107
6247
1067
8356
2643
529
3394
9515
4736
9600
1973
6736
1980
5746
9635
1237
1829
9529
3100
4443
7157
9136
8987
3933
9424
2315
2973
2466
7847
7366
6259
3281
2816
674
5334
9432
196
5971
3398
9547
5927
4362
9955
9901
6113
6080
6534
338
1603
1739
5032
798
3991
345
612
4971
7260
7133
8931
328
7556
928
1668
7370
3340
8691
3920
1306
412
202
1041
5857
6131
3552
8515
2794
9180
9085
7820
3343
5781
2634
862
6108
2333
5461
9290
2470
62
362
2172
3062
7039
3070
1991
4999
2694
2585
6560
7421
2160
5228
9926
1400
697
9174
4667
438
1830
7817
5790
8174
9313
5587
4547
4921
65
5559
5036
7879
9401
1449
1243
49
8030
7979
8818
3060
1560
3515
100
6595
2525
398
1183
553
2708
9462
5411
3159
793
8851
640
2245
4572
3997
3748
1451
8523
7070
4934
7135
7549
8680
8019
711
3984
9877
3370
2718
356
1606
8877
8314
7716
9195
5649
8914
4404
3993
2213
603
148
1877
7085
550
809
8998
5476
4033
4230
7366
4537
4490
8581
2965
9045
3844
2379
472
6568
2831
6091
2692
2802
9187
9973
2325
4528
5377
8347
4833
7047
4529
4857
4330
6986
5672
1594
7469
9901
4985
4400
9337
8488
2990
7068
4387
9732
4751
149
1804
6535
3932
7424
9381
4511
7455
9074
7898
576
8483
4470
99
5685
9396
318
8
9633
4250
5978
3373
2250
4910
570
1583
8430
6754
4204
9812
2118
5586
2593
9776
5227
6543
8298
3114
7104
5475
9819
9531
6597
3696
6892
1418
515
4300
3652
9091
2671
7060
4753
5482
8773
6775
9554
1625
3362
5841
950
7757
3251
9262
5779
4989
5890
4693
4872
9142
1098
7204
2903
4158
4431
6446
6775
8554
8017
9151
1067
4130
3101
5113
7140
5058
833
7110
1003
8451
6988
6673
9752
1262
4524
2061
6280
7335
7916
1902
5528
5821
9428
4510
7992
5467
4156
595
1050
2326
9999
1000
3607
4210
4773
6820
4655
8137
2121
720
4156
8779
3690
6420
2153
4425
7451
1641
9634
2369
166
9440
637
6115
3623
5246
4702
8591
7120
1673
902
237
6059
8677
8451
5987
3066
5542
6489
7703
7406
8142
5214
7195
7745
6748
2131
3007
2356
3567
8015
2515
961
8681
2159
559
363
7491
586
9527
2118
6063
1017
447
9817
3918
2719
5012
7968
6165
1359
1909
5151
1930
4963
2024
4226
3441
8369
6875
3114
1694
6235
3552
3658
8387
9276
7378
6517
7891
5624
5574
4955
6962
5585
1342
7124
4766
7378
3826
4028
7118
5038
6190
2208
6105
7363
9030
3718
135
6333
6921
9122
3710
6412
423
9828
7465
6789
1430
4642
5341
8495
76
540
5784
6953
8189
6345
3620
4899
9459
6063
4542
2846
5995
6655
44
1343
7552
1024
246
3659
6382
1558
8703
6451
1244
549
5161
1514
9659
7976
5947
9184
8686
8623
4962
5650
6423
9151
9173
2685
98
5235
6873
858
4580
864
416
3768
9783
6121
9237
406
4395
1682
2112
8518
1837
9333
5708
7640
1183
2105
5239
1483
115
5357
4159
7372
1693
4394
4919
8400
1850
7560
3561
1146
4684
7845
1871
380
132
1392
1730
3538
8739
5541
4789
7004
6511
6443
3813
7090
3443
1533
1502
7992
9995
5390
742
9222
6704
3044
2075
5389
1201
836
8555
6835
8120
965
3834
3991
7461
5328
7507
9790
375
1701
2744
4574
568
7155
860
5250
581
7829
4957
316
6058
5568
